0.904179
0.903175
0.854063
0.896448
0.897740
0.901543
0.902655
0.903013
0.911103
0.911085
0.911892
0.912233
0.912897
0.912825
0.913166
0.913381
0.913543
0.913704
0.913650
0.913991
0.913901
0.913794
0.913740
0.913399
0.913668
0.913668
0.913596
0.913381
0.913399
0.913596
0.914009
0.913812
0.913794
0.913740
0.918332
0.918206
0.918206
0.918224
0.918063
0.917991
0.918009
0.918117
0.918081
0.918135
0.918726
0.918960
0.918798
0.918852
0.918870
0.918924
0.918942
0.918996
0.919067
0.919121
0.919157
0.919139
0.919211
0.919103
0.919103
0.919103
0.919103
