0.890817
0.895971
0.896992
0.900615
0.900079
0.900105
0.904366
0.904366
0.904340
0.904570
0.904468
0.904315
0.904417
0.904162
0.904621
0.904468
0.904545
0.904545
0.904647
0.904340
0.904570
0.904264
0.904391
0.904647
0.904621
0.904596
0.904366
0.904366
0.904493
0.904519
0.904493
0.904340
0.904187
0.904264
0.904340
0.904289
0.904519
0.904315
0.904417
0.904238
0.904442
0.904213
0.904545
0.903958
0.904264
0.903907
0.904493
0.904493
0.904417
0.904340
0.904493
0.904187
0.904136
0.904289
0.904442
0.904187
0.904238
0.904060
0.904289
0.904111
0.904187
