0.890817
0.895971
0.900411
0.900615
0.900079
0.900105
0.900717
0.901125
0.901151
0.900666
0.900564
0.900768
0.900768
0.900717
0.900692
0.900513
0.900436
0.900692
0.900641
0.900819
0.900590
0.900334
0.900436
0.900717
0.900334
0.900768
0.900334
0.900258
0.900896
0.900207
0.900334
0.900283
0.900385
0.900360
0.900487
0.900156
0.900360
0.900385
0.900207
0.900564
0.900181
0.900334
0.900181
0.900691
0.900717
0.900436
0.900538
0.900258
0.900487
0.900156
0.900564
0.900538
0.900258
0.900513
0.900232
0.900462
0.900615
0.900538
0.900411
0.900462
