0.899348
0.899984
0.860953
0.867266
0.903981
0.907404
0.907732
0.908306
0.914538
0.914600
0.915133
0.915727
0.915912
0.916178
0.916219
0.916281
0.916445
0.916568
0.916834
0.916342
0.916363
0.916670
0.916588
0.916732
0.916629
0.916752
0.916752
0.917060
0.917265
0.917039
0.916752
0.916711
0.917244
0.916937
0.917101
0.917347
0.917183
0.916998
0.917019
0.917039
0.916896
0.916998
0.917326
0.916957
0.917367
0.917326
0.917531
0.917572
0.917490
0.917634
0.917572
0.917736
0.917634
0.917449
0.917593
0.917634
0.917613
0.917613
0.917613
0.917613
